[gd_scene load_steps=8 format=3 uid="uid://40uex1s5t7pt"]

[ext_resource type="Script" uid="uid://bnpa8bcebvrx7" path="res://player.gd" id="1_4flbx"]
[ext_resource type="Script" uid="uid://mm8vs7ghlaqh" path="res://right_arm_2.gd" id="2_hqtel"]
[ext_resource type="Script" uid="uid://bth5qlve5203a" path="res://left_arm.gd" id="3_i3pqv"]

[sub_resource type="CapsuleShape3D" id="CapsuleShape3D_onrkg"]

[sub_resource type="CapsuleMesh" id="CapsuleMesh_i3pqv"]

[sub_resource type="SphereMesh" id="SphereMesh_i3pqv"]
radius = 0.1
height = 0.2

[sub_resource type="ConvexPolygonShape3D" id="ConvexPolygonShape3D_i3pqv"]
points = PackedVector3Array(-0.0182264, -0.0978172, 0.0092536, 0.0184367, 0.0977701, 0.00924919, 0.0184406, 0.0977912, -0.00905118, 0.0980397, -0.0183493, 0.00314863, -0.0182333, -0.00915705, -0.097754, -0.0665736, 0.015154, 0.0728504, 0.0396747, -0.00608695, 0.0914615, -0.0942667, 0.0182516, -0.0272869, 0.0606778, -0.0242349, -0.0756223, 0.0272855, 0.0664683, -0.0693973, -0.0816562, -0.0545105, -0.0180575, 0.085236, 0.0516836, 0.00617706, -0.0575543, 0.0789133, -0.02114, 0.0182662, -0.0817099, -0.0543796, 0.0274191, -0.0789513, 0.0547571, 0.0061745, 0.0790257, 0.0608831, -0.0420828, -0.0542485, 0.0724376, 0.0608918, -0.0790369, -0.00597537, -0.0605471, 0.0242626, -0.0757089, -0.051196, -0.0543012, -0.0662598, -0.060296, 0.0724865, 0.0333064, -0.0942594, -0.0121668, 0.030536, 0.072556, 0.045259, 0.0514112, 0.0788523, -0.0333037, 0.0515831, 0.0820627, 0.0242712, -0.0515047, -0.0212139, 0.0243669, 0.0945147, -0.015077, 0.0667749, -0.0727609, 0.033461, 0.0242746, -0.0909156, -0.0663742, -0.0695035, 0.027288, -0.00903574, -0.0305034, 0.0946682, -0.091133, 0.0364894, 0.0183352, 0.00923653, -0.0395789, -0.0912272)

[node name="Player" type="RigidBody3D" groups=["player"]]
axis_lock_angular_x = true
axis_lock_angular_z = true
gravity_scale = 2.0
can_sleep = false
continuous_cd = true
script = ExtResource("1_4flbx")

[node name="Camera3D" type="Camera3D" parent="."]
transform = Transform3D(1, 0, 0, 0, 1, 0, 0, 0, 1, 0, 1.75213, -0.205677)

[node name="CollisionShape3D" type="CollisionShape3D" parent="."]
transform = Transform3D(1, 0, 0, 0, 1, 0, 0, 0, 1, 0, 1.2, 0)
shape = SubResource("CapsuleShape3D_onrkg")

[node name="MeshInstance3D" type="MeshInstance3D" parent="."]
transform = Transform3D(1, 0, 0, 0, 1, 0, 0, 0, 1, 0, 1.2, 0)
mesh = SubResource("CapsuleMesh_i3pqv")

[node name="RightArm" type="CharacterBody3D" parent="."]
script = ExtResource("2_hqtel")

[node name="RightArm" type="MeshInstance3D" parent="RightArm"]
transform = Transform3D(0.997401, 0.0719155, 0.00447413, 0.000280442, 0.0582188, -0.998304, -0.072054, 0.99571, 0.0580473, 0.496326, 1.33324, -0.678276)
mesh = SubResource("SphereMesh_i3pqv")
skeleton = NodePath("../..")

[node name="CollisionShape3D" type="CollisionShape3D" parent="RightArm"]
transform = Transform3D(0.997401, 0.0719155, 0.00447413, 0.000280442, 0.0582188, -0.998304, -0.072054, 0.99571, 0.0580473, 0.496326, 1.33324, -0.678276)
shape = SubResource("ConvexPolygonShape3D_i3pqv")

[node name="RayCast3D" type="RayCast3D" parent="RightArm"]
transform = Transform3D(1, 0, 0, 0, -4.37114e-08, -1, 0, 1, -4.37114e-08, 0.504868, 1.34386, -0.682954)

[node name="LeftArm" type="CharacterBody3D" parent="."]
transform = Transform3D(1, 0, 0, 0, 1, 0, 0, 0, 1, -0.977457, 0, -0.00162268)
script = ExtResource("3_i3pqv")

[node name="RightArm" type="MeshInstance3D" parent="LeftArm"]
transform = Transform3D(0.997401, 0.0719155, 0.00447413, 0.000280442, 0.0582188, -0.998304, -0.072054, 0.99571, 0.0580473, 0.496326, 1.33324, -0.678276)
mesh = SubResource("SphereMesh_i3pqv")
skeleton = NodePath("../..")

[node name="CollisionShape3D" type="CollisionShape3D" parent="LeftArm"]
transform = Transform3D(0.997401, 0.0719155, 0.00447413, 0.000280442, 0.0582188, -0.998304, -0.072054, 0.99571, 0.0580473, 0.496326, 1.33324, -0.678276)
shape = SubResource("ConvexPolygonShape3D_i3pqv")

[node name="RayCast3D" type="RayCast3D" parent="LeftArm"]
transform = Transform3D(1, 0, 0, 0, -4.37114e-08, -1, 0, 1, -4.37114e-08, 0.496206, 1.3366, -0.674602)

[node name="GroundRayCast" type="RayCast3D" parent="."]
transform = Transform3D(1, 0, 0, 0, 1, 0, 0, 0, 1, 0, 0.215499, 0)

[node name="WallRayCast" type="RayCast3D" parent="."]
transform = Transform3D(1, 0, 0, 0, -4.37114e-08, -1, 0, 1, -4.37114e-08, 0, 1.1, 0)
